   n    (a)  n1    tau      c1       c     EA     EN    PET    pwr     D1      D
  97 ( 3.2)  67    2.2   0.440  -1.644    2.9   86.5   0.33   0.90  25.98  67.76
  98 ( 3.3)  61    2.0   0.270  -1.643    2.8   82.8   0.39   0.90  22.08  68.64
  99 ( 3.3)  61    2.0   0.135  -1.641    2.7   81.4   0.45   0.90  22.08  69.53
 100 ( 3.3)  60    2.0   0.075  -1.640    2.7   80.5   0.47   0.90  21.45  70.41
 101 ( 3.4)  59    1.9   0.040  -1.638    2.7   80.0   0.48   0.90  20.82  71.30
 102 ( 3.4)  59    1.9  -0.010  -1.637    2.7   79.6   0.50   0.90  20.82  72.18
 103 ( 3.4)  59    1.9  -0.050  -1.635    2.6   79.4   0.52   0.90  20.82  73.07
 104 ( 3.5)  58    1.9  -0.055  -1.635    2.6   79.3   0.52   0.90  20.21  73.97
 105 ( 3.5)  58    1.9  -0.085  -1.634    2.6   79.2   0.53   0.90  20.21  74.86
 106 ( 3.5)  58    1.9  -0.110  -1.633    2.6   79.2   0.54   0.90  20.21  75.76
 107 ( 3.6)  58    1.9  -0.130  -1.633    2.6   79.2   0.55   0.90  20.21  76.65
 108 ( 3.6)  58    1.9  -0.150  -1.631    2.6   79.3   0.56   0.90  20.21  77.55
 109 ( 3.6)  56    1.8  -0.115  -1.631    2.6   79.3   0.55   0.90  18.99  78.45
 110 ( 3.7)  56    1.8  -0.130  -1.630    2.6   79.5   0.55   0.90  18.99  79.35
 111 ( 3.7)  57    1.9  -0.170  -1.628    2.7   79.6   0.57   0.90  19.60  80.26
 112 ( 3.7)  58    1.9  -0.210  -1.627    2.7   79.7   0.58   0.90  20.21  81.16
 113 ( 3.8)  57    1.9  -0.195  -1.627    2.7   79.9   0.58   0.90  19.60  82.07
 114 ( 3.8)  56    1.8  -0.180  -1.627    2.7   80.1   0.57   0.90  18.99  82.98
 115 ( 3.8)  57    1.9  -0.215  -1.625    2.7   80.3   0.59   0.90  19.60  83.89
 116 ( 3.9)  58    1.9  -0.250  -1.624    2.7   80.5   0.60   0.90  20.21  84.80
 117 ( 3.9)  57    1.9  -0.230  -1.624    2.7   80.8   0.59   0.90  19.60  85.71
 118 ( 3.9)  57    1.9  -0.240  -1.624    2.7   80.9   0.59   0.90  19.60  86.63
 119 ( 4.0)  57    1.9  -0.245  -1.624    2.7   81.2   0.60   0.90  19.60  87.55
 120 ( 4.0)  58    1.9  -0.275  -1.622    2.7   81.5   0.61   0.90  20.21  88.46
 121 ( 4.0)  58    1.9  -0.280  -1.621    2.7   81.8   0.61   0.90  20.21  89.38
 122 ( 4.1)  58    1.9  -0.285  -1.621    2.7   82.0   0.61   0.90  20.21  90.30
 123 ( 4.1)  59    1.9  -0.315  -1.619    2.7   82.3   0.62   0.90  20.82  91.22
 124 ( 4.1)  59    1.9  -0.320  -1.619    2.8   82.6   0.63   0.90  20.82  92.15
 125 ( 4.2)  59    1.9  -0.325  -1.619    2.8   82.8   0.63   0.90  20.82  93.07
 126 ( 4.2)  59    1.9  -0.330  -1.618    2.8   83.0   0.63   0.90  20.82  93.99
 127 ( 4.2)  60    2.0  -0.360  -1.616    2.8   83.3   0.64   0.90  21.45  94.92
 128 ( 4.3)  57    1.9  -0.290  -1.619    2.8   83.6   0.61   0.90  19.60  95.85
 129 ( 4.3)  60    2.0  -0.365  -1.616    2.8   83.9   0.64   0.90  21.45  96.78
 130 ( 4.3)  59    1.9  -0.345  -1.616    2.8   84.1   0.63   0.90  20.82  97.71
 131 ( 4.4)  61    2.0  -0.395  -1.614    2.8   84.4   0.65   0.90  22.08  98.64
 132 ( 4.4)  60    2.0  -0.375  -1.615    2.8   84.7   0.65   0.90  21.45  99.57
 133 ( 4.4)  62    2.0  -0.425  -1.612    2.8   85.0   0.66   0.90  22.71 100.50
 134 ( 4.5)  59    1.9  -0.355  -1.615    2.8   85.3   0.64   0.90  20.82 101.44
 135 ( 4.5)  61    2.0  -0.405  -1.612    2.9   85.6   0.66   0.90  22.08 102.37
 136 ( 4.5)  62    2.0  -0.430  -1.611    2.9   85.9   0.67   0.90  22.71 103.31
 137 ( 4.6)  60    2.0  -0.385  -1.614    2.9   86.2   0.65   0.90  21.45 104.25
 138 ( 4.6)  61    2.0  -0.410  -1.612    2.9   86.4   0.66   0.90  22.08 105.19
 139 ( 4.6)  62    2.0  -0.435  -1.611    2.9   86.7   0.67   0.90  22.71 106.13
 140 ( 4.7)  63    2.1  -0.460  -1.609    2.9   87.0   0.68   0.90  23.35 107.07
 141 ( 4.7)  61    2.0  -0.415  -1.611    2.9   87.3   0.66   0.90  22.08 108.01
 142 ( 4.7)  62    2.0  -0.440  -1.609    2.9   87.6   0.67   0.90  22.71 108.95
 143 ( 4.8)  62    2.0  -0.440  -1.609    2.9   87.9   0.67   0.90  22.71 109.90
 144 ( 4.8)  63    2.1  -0.465  -1.608    2.9   88.2   0.68   0.90  23.35 110.84
 145 ( 4.8)  63    2.1  -0.490  -1.606    2.9   88.5   0.69   0.90  24.00 111.79
